855
807
806
872
839
889
921
828
923
906
819
914
872
823
803
847
838
797
807
790
820
822
800
827
801
852
823
808
791
817
847
810
806
801
812
829
832
822
840
818
809
795
847
811
830
820
838
856
830
853
880
829
880
795
851
793
821
832
856
869
828
865
835
828
809
849
836
817
893
897
848
900
897
928
929
922
861
872
845
821
866
825
848
882
850
808
859
813
837
804
866
873
846
832
829
876
866
818
872
830
864
836
818
874
835
820
868
823
822
869
851
871
815
871
838
830
859
882
850
842
832
846
849
836
814
834
818
850
852
851
853
898
891
903
894
936
940
837
968
838
852
869
818
817
807
865
792
842
814
852
854
825
813
835
828
857
849
863
847
820
792
851
878
854
823
835
835
801
835
881
845
812
812
841
842
835
869
820
821
867
823
816
827
841
811
847
843
860
839
800
799
833
921
923
925
895
898
852
931
936
808
792
835
824
855
823
873
828
876
846
847
815
873
882
872
852
840
859
877
874
877
837
858
836
857
789
795
840
827
861
825
874
839
837
847
845
815
812
825
876
829
843
845
881
816
869
826
841
847
815
790
797
848
800
840
830
924
923
925
898
800
905
947
867
866
847
822
815
869
848
881
874
825
857
870
810
863
821
876
827
829
820
848
849
806
792
829
878
798
817
866
868
838
879
826
866
835
866
853
821
870
834
875
836
826
816
858
831
852
867
820
842
837
870
875
819
792
833
852
922
874
926
921
868
933
956
832
875
861
815
829
870
881
822
872
821
860
844
833
815
808
806
823
857
837
831
827
811
835
818
851
849
799
850
791
800
823
836
838
849
814
831
822
836
848
847
827
864
829
828
864
873
854
864
871
781
813
844
808
821
832
925
923
877
925
931
934
927
941
818
857
836
831
828
828
857
866
819
826
845
820
836
819
851
864
838
833
866
826
881
877
823
852
819
830
863
818
826
821
835
876
869
812
877
832
842
862
871
816
832
819
812
813
870
866
851
863
873
876
818
870
832
869
843
805
842
838
812
918
930
864
927
932
869
959
870
815
831
845
832
827
830
864
879
847
853
831
837
851
842
862
862
820
839
838
827
847
829
815
818
820
871
819
861
826
853
877
861
814
866
861
831
864
840
815
851
890
866
858
865