810
827
848
822
838
835
875
822
841
789
875
840
871
850
856
811
868
847
819
867
854
844
814
836
815
911
921
824
923
897
929
933
923
832
870
853
878
826
835
869
799
804
821
863
875
871
830
832
819
844
853
824
861
843
832
817
873
835
836
873
853
836
841
854
830
871
848
870
872
841
816
868
822
844
845
861
817
827
812
870
868
865
873
834
806
839
963
842
921
923
832
926
945
833
880
818
833
840
835
826
841
826
856
848
869
871
882
852
839
836
832
817
832
861
819
819
852
827
830
871
845
857
866
873
855
825
821
818
818
854
857
841
813
834
825
837
874
846
865
878
827
853
843
814
812
862
868
875
920
923
837
917
928
928
929
967
838
819
816
821
877
832
819
814
873
857
840
838
879
855
837
854
882
837
825
874
834
873
848
842
848
870
816
825
841
820
825
835
863
815
838
843
875
868
816
876
869
846
810
814
837
849
819
823
812
827
835
871
829
916
858
920
926
923
925
920
818
867
830
852
872
840
876
879
833
832
821
868
875
836
820
821
871
803
797
828
833
866
864
829
871
853
817
873
845
823
819
818
868
830
880
870
855
844
855
854
874
853
861
825
841
813
825
863
819
819
826
852
796
801
829
826
807
918
919
923
931
821
928
949
820
819
819
849
844
839
870
823
828
834
826
819
833
805
804
843
819
816
812
837
826
834
820
839
850
823
813
850
870
839
800
806
870
876
822
873
874
864
801
800
877
855
859
809
789
783
833
821
801
791
857
862
819
834
815
925
920
918
918
921
826
931
943
837
844
816
825
822
816
819
827
855
878
833
816
836
837
866
846
825
837
825
870
831
864
816
873
840
824
833
864
828
837
881
817
871
796
791
850
822
829
875
847
849
805
867
803
806
845
838
853
864
815
876
826
863
811
824
846
922
851
924
924
830
926
901
956
955
823
809
837
849
844
821
850
853
879
830
823
838
879
862
874
820
814
820
835
830
847
823
873
838
829
825
846
852
874
827
831
850
848
801
827
863
868
830
890
838
870
827
841
877
795
830
821
826
811
810
867
818
838
810
849
818
931
923
923
919
904
929
823
974
824
882
833
847
853
850
878
827
825
827
853
868
877
832
863
860
831
829
871
846
829
847
869
838
846
827
833
814