752
770
768
822
823
784
825
825
796
776
778
818
778
777
801
805
763
771
811
780
750
782
774
775
777
822
796
774
771
776
766
846
841
807
795
818
790
841
812
798
764
766
797
766
893
895
895
892
851
905
894
775
804
773
788
809
766
776
781
817
781
790
816
779
780
782
777
790
788
775
779
774
774
780
779
776
773
777
774
775
783
775
776
779
796
779
800
785
780
776
777
828
774
776
773
806
769
772
791
784
772
823
774
775
776
777
775
769
793
775
887
796
866
894
868
867
884
773
779
778
822
794
773
851
815
806
825
778
807
803
771
826
764
801
800
804
793
805
808
802
777
821
774
811
763
762
776
770
807
800
774
789
774
685
866
813
788
770
762
769
770
843
801
772
778
812
840
795
764
768
863
812
947
868
898
895
871
915
784
815
769
767
791
779
807
819
764
780
765
803
801
779
763
775
778
770
781
776
819
778
810
789
772
776
777
774
772
778
813
775
773
764
762
803
775
776
778
777
804
780
773
788
769
769
773
770
766
776
798
765
776
802
763
869
865
867
871
873
763
872
913
805
790
847
774
764
779
792
770
815
803
801
764
782
792
771
762
787
775
814
780
787
777
763
764
776
780
778
772
780
776
827
758
768
780
777
778
777
776
796
761
795
775
772
820
769
772
767
776
776
770
825
775
866
763
864
865
868
865
876
786
770
777
750
780
807
822
799
822
777
776
804
776
763
784
780
774
788
784
760
778
808
780
783
818
802
794
843
807
772
775
769
771
761
800
806
801
823
772
815
776
767
776
772
828
779
772
771
766
767
767
814
807
809
795
904
867
866
864
869
895
781
804
761
798
826
779
798
786
811
801
780
809
779
768
800
808
781
770
775
780
775
783
774
784
809
775
738
741
849
820
792
773
794
778
747
856
784
775
810
783
777
774
771
769
803
778
795
748
777
768
777
769
767
840
804
856
864
864
862
871
809
900
780
813
800
815
839
792
791
777
807
762
775
805
792
795
820
810
821
807
826
791
760
789
817
776
776
774
808
822
817
806
780
833
807
807
780
800
796
776
777
771
801
788
769
777
783
775
771
794
768
781
770
824
767
776
861
863
864
936
835
871
874
779
917
803
811
813
789
816
818
778
776
784
779
804
816
771
807