682
768
714
799
836
808
809
811
834
718
718
749
782
745
715
776
752
788
755
747
711
722
721
717
716
746
754
717
717
714
755
751
764
720
715
714
715
714
720
716
749
790
720
697
719
719
722
746
714
720
713
707
716
712
716
711
745
744
713
720
716
751
719
711
724
710
711
706
712
718
708
719
719
711
709
805
799
839
801
717
804
805
720
816
832
747
805
712
717
715
716
715
720
715
722
723
713
714
717
720
719
715
717
716
686
726
716
713
715
717
713
715
720
715
716
720
714
713
714
716
744
714
718
718
717
716
717
713
715
714
710
717
722
717
711
716
712
710
713
709
710
712
720
714
713
716
710
713
710
710
715
712
715
711
708
724
716
710
709
708
708
707
722
704
705
719
715
683
711
714
710
772
715
704
781
716
800
800
808
807
805
807
717
809
858
720
829
713
715
729
719
717
697
684
715
690
693
714
719
719
715
712
715
718
685
722
713
717
720
714
716
720
717
716
749
716
716
686
709
715
713
717
711
717
712
721
713
715
717
714
717
718
676
687
712
698
691
712
717
718
714
711
690
689
715
715
708
713
714
715
686
714
714
686
716
714
706
683
710
712
715
680
713
713
709
720
710
683
703
704
709
707
690
686
707
719
800
802
773
774
807
805
719
800
783
718
811
850
715
713
714
716
719
718
717
720
712
714
712
714
716
720
722
714
715
718
713
712
718
713
717
716
716
713
719
719
717
714
716
715
721
718
716
718
716
717
716
683
715
716
712
714
722
715
715
725
714
687
715
724
712
713
702
684
712
718
714
687
714
713
714
713
675
694
712
714
711
712
713
710
713
710
714
715
709
720
709
706
714
706
712
804
713
803
804
722
800
810
812
805
811
841
717
769
717
716
715
685
713
718
710
720
715
714
693
717
718
714
713
714
714
716
718
685
720
684
688
719
717
717
689
712
717
716
724
716
715
690
691
690
690
689
691
692
688
717
715
688
720
711
683
714
716
681
687
724
719
691
723
711
713
688
690
686
680
718
712
712
690
688
709
720
714
714
713
717
714
712
718
710
704
710
715
714
774
718
800
807
805
803
802
805
715
812
842
716
836
717
727
714
720
692
695
687
715
695
690
717
724
715
714
717
713
708
719
720
715
692
718
717