3482
3477
3494
3492
3477
3501
3491
3538
3525
3472
3523
3542
3477
3548
3923
3476
3476
3469
3469
3471
3444
3445
3451
3444
3442
3446
3438
3437
3440
3447
3438
3441
3445
3444
3468
3467
3469
3469
3448
3449
3436
3441
3476
3470
3439
3443
3445
3436
3452
3442
3433
3446
3473
3469
3465
3451
3455
3468
3452
3470
3472
3490
3443
3503
3524
3557
3549
3606
3468
3470
3463
3445
3476
3467
3470
3471
3467
3473
3468
3470
3466
3447
3447
3441
3452
3446
3443
3442
3442
3440
3443
3442
3447
3440
3436
3449
3440
3463
3462
3463
3460
3464
3470
3459
3463
3450
3434
3453
3451
3452
3462
3445
3469
3466
3488
3447
3488
3492
3507
3513
3599
3472
3447
3442
3465
3488
3465
3450
3463
3469
3459
3468
3472
3475
3476
3476
3473
3468
3468
3462
3472
3467
3469
3469
3468
3473
3463
3460
3464
3469
3464
3460
3473
3459
3468
3474
3460
3460
3457
3460
3447
3465
3473
3453
3459
3476
3510
3509
3528
3521
3561
3468
3477
3475
3463
3473
3465
3465
3470
3464
3469
3469
3470
3462
3475
3478
3463
3439
3474
3464
3472
3463
3465
3477
3464
3472
3461
3465
3465
3464
3459
3467
3473
3460
3466
3475
3467
3473
3455
3454
3447
3473
3473
3464
3511
3477
3521
3520
3536
3543
3604
3468
3465
3466
3469
3463
3474
3465
3476
3474
3461
3466
3472
3471
3461
3467
3472
3460
3446
3442
3455
3444
3447
3469
3470
3449
3436
3462
3466
3475
3440
3440
3448
3466
3459
3472
3450
3464
3451
3450
3465
3437
3439
3447
3465
3470
3519
3517
3524
3517
3532
3575
3467
3469
3462
3468
3473
3470
3472
3459
3469
3472
3469
3465
3466
3467
3472
3466
3476
3466
3469
3469
3469
3437
3466
3468
3465
3467
3452
3440
3439
3463
3466
3466
3465
3469
3455
3461
3426
3437
3465
3461
3460
3462
3459
3472
3450
3467
3474
3515
3512
3523
3518
3525
3592
3467
3468
3466
3473
3471
3445
3476
3472
3465
3463
3470
3467
3472
3479
3467
3474
3438
3443
3465
3448
3467
3462
3465
3446
3436
3465
3471
3464
3436
3437
3448
3444
3469
3453
3440
3453
3435
3440
3459
3459
3469
3466
3426
3453
3421
3460
3440
3443
3515
3492
3444
3501
3561
3470
3690
3442
3465
3463
3441
3465
3462
3459
3446
3471
3462
3470
3472
3461
3471
3470
3470
3467
3463
3473
3459
3464
3469
3463
3463
3466
3463
3442
3472
3476
3470
3456
3468
3457
3461
3462
3477
3462
3459
3465
3462
3461
3461
3452
3451
3439
3465
3513
3516
3470
3527
3580
3471
3467
3468
3468
3468
3463
3467
3470
3466
3465
3468
3460
3473
3465
3472
3464
3467
3475
3477
3464
3460
3448
3469
3462
3472
3462
3468
3474
3473
3464
3464
3463
3460
3436
3444
3464
3467
3469
3453
3448
3441
3429
3464
3448
3468
3459
3510
3467
3509
3524
3530
3525
3572
3473
3468
3471
3469
3472
3473
3464
3469
3464
3463
3466
3470
3466
3467
3472
3466