2662
2660
2670
2664
2656
2677
2656
2666
2665
2651
2653
2659
2668
2663
2723
2645
2708
2711
2749
2748
2641
2671
2669
2645
2670
2664
2665
2668
2665
2667
2643
2643
2649
2641
2646
2643
2638
2620
2662
2643
2664
2644
2635
2662
2656
2671
2661
2663
2668
2663
2659
2665
2673
2656
2659
2646
2632
2657
2636
2635
2663
2656
2665
2619
2630
2647
2699
2695
2705
2704
2713
2755
2645
2641
2640
2652
2636
2642
2644
2644
2641
2641
2645
2640
2646
2636
2640
2641
2645
2645
2642
2645
2642
2634
2649
2641
2644
2635
2645
2637
2636
2636
2632
2641
2630
2636
2636
2659
2663
2661
2659
2661
2663
2647
2661
2669
2652
2661
2669
2721
2721
2731
2732
2751
2669
2673
2669
2668
2675
2667
2668
2663
2667
2663
2668
2671
2667
2658
2675
2664
2664
2664
2661
2672
2661
2670
2665
2659
2642
2642
2641
2640
2636
2640
2646
2635
2637
2632
2674
2661
2653
2667
2663
2659
2655
2663
2653
2649
2672
2647
2717
2730
2733
2734
2772
2667
2664
2670
2672
2661
2689
2691
2692
2691
2696
2694
2691
2663
2700
2689
2692
2666
2661
2662
2667
2675
2662
2659
2674
2667
2667
2664
2651
2662
2662
2670
2662
2673
2671
2662
2658
2663
2662
2658
2659
2663
2661
2647
2675
2664
2722
2720
2724
2725
2737
2668
2666
2670
2646
2636
2645
2669
2664
2662
2644
2636
2644
2663
2647
2641
2641
2640
2641
2644
2640
2643
2668
2668
2669
2662
2671
2666
2661
2664
2661
2657
2659
2661
2670
2660
2658
2659
2659
2662
2659
2669
2671
2658
2669
2653
2646
2732
2716
2725
2734
2668
2763
2657
2669
2661
2662
2672
2659
2667
2667
2663
2665
2664
2670
2658
2668
2667
2665
2663
2668
2670
2666
2670
2670
2660
2669
2664
2662
2664
2673
2667
2663
2659
2662
2659
2679
2666
2657
2660
2661
2657
2661
2656
2665
2649
2659
2673
2719
2725
2733
2733
2736
2794
2669
2668
2663
2673
2659
2665
2663
2673
2663
2664
2672
2663
2661
2670
2664
2661
2670
2665
2664
2665
2670
2667
2658
2667
2659
2663
2663
2665
2662
2661
2672
2658
2661
2667
2664
2666
2658
2657
2657
2659
2668
2659
2658
2663
2641
2720
2729
2727
2727
2757
2667
2665
2666
2671
2660
2664
2665
2662
2658
2666
2672
2662
2665
2668
2662
2667
2671
2667
2670
2669
2665
2665
2662
2670
2659
2668
2661
2664
2665
2666
2676
2653
2659
2667
2653
2658
2653
2660
2650
2649
2666
2661
2655
2670
2681
2717
2728
2728
2729
2800
2673
2669
2642
2643
2643
2661
2667
2665
2634
2668
2664
2665
2667
2672
2665
2667
2663
2664
2662
2667
2675
2658
2665
2671
2659
2657
2660
2664
2666
2662
2666
2667
2661
2669
2660
2659
2666
2652
2656
2661
2668
2660
2652
2676
2663
2720
2729
2724
2729
2743
2669
2664
2666
2675
2660
2662
2672
2671
2660
2663
2657
2665
2666
2670
2664
2668
2669
2667
2660
2665
2661
2660