2073
2074
2068
2084
2073
2074
2071
2074
2075
2081
2067
2072
2073
2084
2073
2070
2064
2072
2077
2064
2073
2067
2068
2075
2069
2069
2071
2076
2072
2071
2083
2075
2068
2075
2072
2068
2074
2066
2038
2037
2070
2072
2064
2065
2068
2072
2064
2065
2059
2039
2043
2039
2034
2057
2041
2043
2060
2065
2059
2027
2073
2060
2054
2076
2145
2144
2146
2148
2153
2151
2077
2147
2171
2075
2181
2069
2078
2075
2065
2077
2071
2074
2071
2080
2069
2070
2075
2070
2073
2073
2068
2070
2070
2075
2071
2073
2076
2067
2068
2065
2072
2074
2078
2083
2071
2071
2072
2074
2076
2072
2080
2070
2038
2070
2068
2045
2042
2043
2067
2044
2048
2039
2041
2051
2044
2040
2040
2042
2038
2040
2049
2031
2033
2041
2036
2038
2044
2044
2036
2038
2049
2039
2038
2048
2037
2037
2033
2029
2041
2033
2049
2036
2034
2053
2117
2120
2120
2117
2122
2129
2048
2132
2133
2050
2141
2043
2043
2043
2050
2050
2044
2041
2050
2042
2050
2039
2040
2037
2037
2049
2049
2041
2039
2054
2037
2045
2044
2046
2044
2044
2055
2038
2045
2045
2044
2049
2042
2043
2043
2045
2049
2042
2043
2048
2039
2043
2045
2044
2045
2041
2049
2045
2038
2043
2041
2044
2040
2040
2041
2040
2048
2031
2031
2045
2040
2041
2037
2048
2037
2032
2039
2035
2037
2046
2042
2039
2036
2042
2030
2037
2048
2038
2033
2043
2040
2121
2125
2121
2125
2120
2045
2124
2132
2044
2132
2151
2048
2154
2049
2048
2042
2052
2042
2043
2053
2045
2048
2043
2045
2045
2043
2045
2045
2045
2050
2049
2048
2050
2041
2042
2044
2041
2043
2043
2039
2045
2048
2040
2045
2043
2050
2046
2043
2054
2049
2049
2048
2038
2041
2043
2052
2045
2037
2050
2041
2038
2044
2042
2045
2047
2041
2044
2037
2043
2039
2033
2044
2039
2039
2041
2045
2039
2039
2042
2049
2034
2041
2039
2026
2035
2052
2033
2037
2045
2041
2115
2122
2120
2121
2129
2049
2128
2124
2045
2131
2041
2048
2051
2043
2049
2048
2044
2048
2053
2049
2049
2053
2043
2051
2048
2040
2045
2048
2049
2051
2045
2048
2037
2045
2044
2045
2034
2041
2049
2048
2048
2049
2042
2044
2043
2042
2045
2046
2052
2040
2041
2047
2039
2049
2040
2041
2038
2039
2049
2040
2044
2055
2040
2040
2041
2048
2042
2037
2048
2038
2037
2055
2041
2041
2040
2041
2036
2037
2045
2036
2036
2050
2034
2041
2032
2037
2034
2035
2051
2122
2117
2045
2121
2126
2127
2120
2152
2176
2056
2140
2041
2039
2043
2045
2072
2071
2068
2043
2053
2043
2044
2041
2040
2043
2046
2042
2045
2043
2046
2037
2049
2048
2048
2044
2048
2043
2044
2044
2052
2037
2046
2051
2043
2039
2045
2038
2045
2043
2048
2043
2049
2046
2052
2043
2045
2038
2039
2041
2043
2040
2042
2052
2044
2035
2037
2044
2039
2042
2045
2044
2036
2049
2035
2039
2041