1583
1592
1598
1596
1592
1604
1599
1587
1584
1587
1589
1583
1602
1588
1678
1597
1677
1684
1681
1674
1679
1684
1603
1684
1687
1600
1687
1596
1601
1600
1599
1593
1600
1601
1593
1600
1596
1594
1594
1595
1594
1604
1605
1595
1600
1597
1596
1598
1598
1597
1593
1594
1593
1604
1599
1602
1600
1591
1622
1623
1601
1621
1600
1598
1626
1631
1621
1621
1620
1627
1621
1628
1624
1615
1622
1622
1622
1621
1618
1620
1621
1621
1625
1621
1616
1626
1622
1624
1620
1615
1622
1620
1628
1618
1617
1602
1591
1617
1619
1617
1620
1592
1634
1616
1591
1603
1588
1594
1587
1589
1612
1616
1624
1610
1611
1622
1619
1674
1699
1703
1705
1682
1621
1702
1709
1621
1704
1719
1627
1741
1626
1627
1626
1622
1623
1624
1623
1627
1613
1616
1620
1620
1633
1616
1621
1624
1614
1627
1617
1623
1621
1631
1647
1646
1620
1654
1647
1651
1623
1618
1620
1618
1624
1617
1623
1619
1615
1618
1623
1617
1617
1618
1627
1625
1621
1627
1619
1618
1622
1619
1619
1628
1625
1617
1623
1622
1620
1624
1621
1622
1620
1615
1621
1613
1620
1619
1613
1614
1616
1612
1617
1618
1622
1617
1622
1624
1618
1614
1589
1586
1590
1586
1599
1613
1676
1597
1686
1677
1678
1674
1678
1685
1593
1675
1696
1603
1706
1596
1602
1592
1600
1599
1597
1600
1597
1602
1595
1597
1593
1595
1599
1591
1598
1598
1593
1594
1598
1568
1600
1596
1591
1596
1597
1567
1597
1600
1595
1597
1568
1566
1601
1589
1593
1595
1591
1605
1596
1600
1599
1594
1591
1594
1597
1596
1593
1595
1595
1595
1595
1591
1596
1592
1605
1596
1595
1596
1591
1593
1594
1598
1597
1591
1599
1616
1595
1594
1594
1598
1590
1593
1590
1593
1595
1595
1586
1600
1594
1585
1591
1586
1588
1595
1596
1584
1665
1604
1676
1677
1673
1676
1680
1679
1598
1685
1718
1597
1680
1595
1596
1600
1599
1599
1592
1600
1592
1602
1603
1596
1603
1594
1597
1602
1602
1592
1601
1598
1593
1601
1600
1595
1591
1596
1598
1596
1599
1602
1596
1595
1604
1598
1600
1600
1597
1561
1588
1598
1593
1595
1604
1593
1596
1590
1594
1564
1596
1594
1598
1554
1568
1564
1556
1559
1566
1565
1562
1564
1556
1557
1564
1560
1560
1563
1560
1554
1556
1568
1559
1558
1563
1557
1555
1556
1553
1556
1557
1604
1588
1587
1607
1592
1674
1676
1669
1676
1675
1601
1680
1680
1604
1683
1715
1591
1838
1597
1599
1601
1597
1594
1600
1597
1594
1602
1603
1597
1595
1598
1590
1598
1600
1600
1598
1598
1598
1591
1593
1602
1591
1595
1601
1595
1603
1598
1593
1595
1597
1600
1598
1597
1591
1597
1593
1602
1598
1594
1601
1601
1587
1596
1574
1565
1591
1595
1595
1605
1593
1607
1589
1596
1596
1593
1591
1589
1596
1594
1598
1596
1593
1588
1598
1587
1591
1585
1589
1586
1592
1603
1593
1591
1632
1618