1426
1450
1329
1323
1327
1326
1351
1352
1326
1352
1350
1318
1321
1353
1350
1331
1330
1324
1327
1327
1325
1321
1321
1329
1327
1300
1294
1292
1297
1298
1292
1297
1297
1325
1320
1324
1328
1321
1326
1323
1319
1319
1325
1325
1330
1319
1325
1324
1323
1321
1323
1322
1321
1326
1321
1324
1328
1326
1319
1324
1338
1301
1317
1332
1321
1317
1300
1296
1289
1318
1322
1296
1297
1300
1294
1292
1294
1287
1291
1294
1292
1289
1318
1331
1313
1411
1334
1412
1417
1418
1419
1413
1413
1327
1414
1452
1329
1449
1324
1331
1320
1325
1329
1323
1329
1336
1298
1299
1327
1330
1325
1324
1330
1295
1296
1328
1302
1297
1295
1298
1294
1295
1292
1302
1296
1299
1299
1302
1296
1301
1294
1300
1299
1299
1297
1289
1297
1302
1290
1297
1293
1289
1327
1300
1298
1289
1301
1297
1299
1303
1292
1298
1301
1305
1296
1291
1301
1319
1294
1291
1298
1297
1290
1300
1296
1292
1301
1295
1294
1299
1295
1293
1288
1301
1290
1283
1303
1292
1386
1384
1387
1377
1384
1301
1389
1393
1299
1385
1409
1433
1420
1298
1297
1300
1304
1300
1299
1297
1299
1300
1295
1296
1298
1296
1300
1302
1304
1281
1293
1293
1296
1299
1296
1302
1299
1297
1300
1293
1293
1300
1300
1297
1298
1304
1296
1298
1302
1294
1302
1301
1292
1298
1296
1298
1297
1298
1302
1297
1296
1301
1296
1287
1297
1297
1293
1296
1302
1296
1294
1297
1289
1290
1295
1298
1296
1289
1294
1287
1290
1296
1288
1293
1294
1296
1288
1286
1300
1290
1289
1288
1290
1287
1388
1299
1382
1387
1298
1388
1386
1396
1389
1384
1405
1296
1430
1294
1302
1296
1296
1305
1293
1298
1299
1297
1298
1297
1300
1293
1297
1300
1292
1293
1299
1302
1294
1302
1297
1296
1294
1298
1298
1325
1296
1300
1297
1294
1302
1293
1296
1331
1318
1301
1296
1307
1296
1296
1299
1292
1297
1294
1296
1293
1294
1299
1296
1294
1304
1296
1290
1298
1293
1296
1296
1297
1296
1292
1298
1297
1292
1297
1294
1293
1298
1287
1293
1293
1301
1288
1290
1296
1284
1305
1284
1290
1287
1290
1296
1289
1379
1303
1386
1385
1390
1406
1389
1393
1303
1387
1433
1294
1296
1300
1302
1298
1302
1298
1306
1298
1305
1301
1301
1298
1298
1303
1300
1301
1304
1293
1301
1304
1298
1293
1297
1277
1303
1298
1302
1299
1298
1302
1296
1294
1301
1296
1292
1266
1303
1295
1295
1274
1271
1295
1270
1271
1298
1297
1299
1295
1295
1300
1296
1296
1297
1291
1296
1287
1298
1289
1293
1304
1293
1300
1296
1294
1287
1290
1298
1293
1291
1299
1289
1281
1291
1294
1288
1296
1305
1289
1287
1303
1287
1276
1384
1384
1384
1385
1303
1392
1391
1295
1394
1394
1442
1427
1579
1299
1299
1302
1302
1298
1297
1299
1300
1297
1293
1294
1326
1322
1298
1305
1294
1302
1295
1296
1321
1323
1329
1318
1325
1300