1163
1163
1161
1153
1168
1164
1160
1163
1157
1161
1158
1156
1155
1156
1158
1158
1159
1164
1150
1158
1157
1154
1157
1157
1161
1153
1166
1157
1156
1158
1157
1156
1161
1161
1169
1163
1159
1161
1163
1158
1152
1157
1159
1156
1163
1159
1158
1161
1156
1152
1147
1141
1158
854
1158
1239
1248
1165
1247
1246
1251
1253
1248
1263
1169
1670
1160
1167
1159
1166
1162
1166
1164
1164
1154
1154
1158
1169
1163
1155
1163
1164
1162
1163
1171
1166
1164
1168
1170
1158
1165
1163
1173
1163
1169
1169
1168
1171
1157
1168
1164
1163
1160
1163
1168
1165
1166
1162
1161
1164
1164
1166
1159
1165
1169
1160
1160
1171
1160
1159
1161
1155
1157
1167
1162
1159
1160
1170
1173
1162
1164
1161
1157
1164
1168
1154
1163
1164
1160
1159
1160
1155
1152
1241
1166
1243
1247
1164
1256
1250
1253
1251
1264
1165
1171
1161
1166
1168
1170
1166
1167
1155
1164
1163
1168
1165
1167
1167
1168
1161
1167
1164
1163
1166
1164
1162
1170
1167
1166
1159
1164
1155
1164
1160
1161
1160
1168
1159
1157
1160
1154
1157
1175
1163
1168
1164
1154
1172
1166
1158
1166
1165
1161
1163
1162
1160
1164
1163
1168
1158
1164
1160
1166
1157
1161
1156
1158
1168
1163
1152
1165
1155
1157
1150
1156
1152
1152
1169
1160
1354
1256
1241
1241
1248
1163
1244
1245
1160
1242
1278
1169
1163
1172
1165
1167
1166
1166
1163
1165
1170
1164
1166
1159
1165
1164
1169
1160
1165
1163
1163
1166
1165
1163
1160
1160
1162
1172
1168
1164
1156
1167
1159
1161
1163
1161
1164
1159
1165
1165
1160
1170
1166
1164
1161
1159
1154
1161
1162
1156
1159
1171
1159
1165
1155
1162
1156
1157
1167
1162
1159
1167
1161
1153
1157
1157
1152
1144
1173
1158
1150
1168
1154
1159
1160
1152
1157
1153
1170
1247
1245
1167
1250
1251
1239
1241
1246
1255
1169
1286
1162
1160
1171
1164
1163
1164
1161
1168
1167
1166
1170
1168
1167
1166
1165
1164
1166
1162
1172
1169
1166
1166
1160
1164
1166
1166
1158
1161
1163
1166
1166
1168
1165
1166
1169
1160
1166
1161
1168
1162
1163
1167
1163
1164
1169
1160
1165
1164
1168
1159
1160
1165
1166
1157
1163
1164
1164
1163
1169
1165
1159
1171
1155
1152
1163
1160
1156
1162
1166
1152
1150
1157
1145
1156
1159
1162
1246
1248
1161
1239
1250
1175
1249
1251
1265
1252
1284
1157
1163
1160
1168
1162
1160
1164
1157
1155
1161
1157
1162
1160
1170
1164
1157
1154
1158
1157
1162
1156
1164
1169
1161
1167
1154
1164
1160
1161
1160
1156
1164
1152
1158
1158
1162
1161
1155
1154
1162
1158
1164
1156
1155
1165
1156
1153
1161
1159
1162
1154
1162
1151
1163
1164
1159
1161
1162
1172
1157
1152
1170
1160
1156
1166
1163
1158
1148
1147
1152
1148
1165
1142
1152
1161
1144
1236
1241
1234
1234
1241
1161
1240
1249