1024
1027
1024
1019
1025
1024
1024
1017
1020
1024
1028
1040
1022
1025
1029
1016
1018
1017
1027
1022
1024
1028
1018
1017
1019
1015
1014
1017
1026
1020
1021
1021
1009
1013
1021
1017
1121
1127
1058
1126
1128
1013
1125
1152
1088
1018
1024
1026
1024
1021
1022
1028
1026
1056
1028
1027
1024
1028
1028
1004
1025
1024
1027
1006
1030
1011
1020
1022
1025
1024
1018
1025
1018
1021
1027
1025
1023
1020
1018
1026
1024
1029
1020
1019
1020
1021
1024
1020
1021
1017
1015
1024
1017
1019
1032
1020
1019
1018
1016
1017
1018
1028
1013
1026
1027
1012
1014
1015
1010
1019
1120
1034
1118
1129
1013
1125
1159
1130
1130
1160
1050
1024
1020
1018
1026
1016
1011
1051
1018
1055
1016
1025
1018
1009
1019
1002
1027
1026
1026
1020
1024
1025
1022
1025
1030
1025
1022
1026
1033
1018
1021
1034
1020
1037
1029
1024
1024
1019
1024
1036
1016
1024
1019
1019
1018
1029
1019
1015
1021
1019
1016
1038
1016
1022
1033
1021
1031
1024
1056
1016
1016
1024
1008
1015
1030
1012
1124
1123
1120
1122
1131
1028
1128
1131
1027
1155
1024
1025
1068
1024
1022
1019
1015
1021
1031
1019
995
1020
1019
1019
1024
1070
1027
1024
1026
1034
1038
1024
1015
1021
1029
1026
1024
1002
1029
1019
1015
1024
1022
1021
1025
1053
1028
994
1026
1042
1021
1022
1062
992
1055
1027
1018
1019
1070
1016
1011
1016
1014
1020
1012
1021
1017
1024
1027
1013
1013
1014
1014
1010
1018
1027
1025
1167
1024
1119
1124
1122
1123
1132
1153
1006
1179
1014
1020
1065
1068
998
995
994
994
1000
1027
997
1028
1017
1024
993
989
996
1024
1024
981
997
998
994
990
987
995
992
991
997
990
1028
987
1000
997
998
992
996
996
996
999
979
992
996
989
987
991
991
983
993
987
990
995
991
984
992
987
986
987
999
990
1088
983
1095
1098
1098
1093
1105
1106
984
1133
999
1003
996
1002
999
996
997
991
999
995
999
994
991
999
999
992
992
993
991
1033
992
1000
1034
994
1010
991
999
994
986
989
996
997
998
1021
1003
993
1021
994
996
989
991
1028
1020
994
1033
1026
1019
988
989
1018
1025
1024
1006
1017
1021
1020
1019
1015
1018
1015
1008
1020
1024
1010
1053
1017
1017
1117
1126
1115
1125
1026
1124
1130
1029
1140
1442
1022
1022
1025
1044
1033
1024
1027
1027
1018
1024
1024
1024
1004
1024
1031
1024
1024
1043
1011
1019
1025
1019
1024
1015
1029
1025
1025
1061
1021
1019
1029
1025
1049
1024
1030
1022
1024
1030
1024
1025
1012
1025
1022
1026
1024
1024
1024
1027
1024
1025
1024
1021
1020
1020
1056
1026
1016
1028
1014
1021
1016
1019
1025
1019
1044
1017
1019
1053
1015
1013
1013
1010
1053
1013
1028
1120
1120
1061
1126
1120