950
899
971
962
916
917
918
929
925
1045
1048
937
1017
1014
940
1041
1051
1056
1053
1048
1044
933
1054
1076
948
1075
942
943
931
956
945
932
916
914
921
921
962
915
913
941
911
899
914
928
957
926
897
919
916
910
901
912
922
915
903
903
911
919
956
957
910
936
917
958
925
912
958
913
957
951
917
912
926
957
917
900
912
921
937
901
930
918
900
909
919
924
913
917
952
908
913
906
896
928
917
920
893
923
899
898
917
913
947
950
903
898
972
917
917
1015
1013
1015
1040
1019
912
1019
1025
912
1025
1024
1027
1022
1030
1034
914
904
919
918
897
951
927
935
923
905
917
897
933
922
912
957
929
945
986
954
923
947
925
913
925
912
900
915
901
956
914
916
908
926
922
912
919
933
903
910
918
938
912
919
945
908
935
903
953
906
918
938
935
915
915
927
906
929
900
938
977
927
975
913
896
928
933
927
894
934
949
951
930
916
921
933
888
928
946
951
942
949
1016
920
1018
1020
1025
1021
1017
1048
916
1020
1024
948
1060
900
964
945
903
975
937
983
959
918
950
936
981
942
961
981
918
908
937
943
928
951
923
973
980
964
936
989
979
912
916
938
982
957
895
948
910
911
955
943
938
952
947
936
938
931
936
934
930
944
938
932
910
944
928
957
941
925
896
918
905
923
945
930
901
966
954
978
965
962
925
945
945
957
894
978
943
932
925
955
922
951
940
945
946
955
943
976
890
942
941
907
947
908
979
918
946
1038
1010
920
1013
1020
1045
1041
1045
1014
916
1013
1045
980
1049
1052
1065
1056
1083
903
980
930
942
944
942
944
930
935
955
950
957
917
942
915
919
974
967
983
989
917
912
962
960
942
922
978
929
928
982
949
957
930
939
966
927
924
942
926
955
927
919
911
925
943
924
928
955
939
985
934
907
944
970
936
968
900
927
928
937
908
939
968
899
944
977
965
943
965
941
940
942
980
945
921
907
964
953
963
1012
1011
913
1042
1045
953
1014
1013
1054
1043
1017
1039
942
1024
1056
957
912
959
920
903
904
894
917
965
949
940
941
948
915
945
958
915
902
902
901
918
918
928
917
953
949
908
928
916
958
976
937
949
913
930
903
978
954
913
943
921
899
896
942
947
921
956
908
925
919
931
937
948
898
912
907
919
931
978
897
915
950
955
919
943
896
928
898
932
901
943
891
898