20 cms

2795
2796
2796
2797
2797
2797
2797
2796
2799
2798
2802
2806
2816
2824
2701
2700
2693
2698
2797
2798
2796
2796
2795
2796
2798
2799
2799
2796
2796
2798
2800
2799
2799
2794
2797
2794
2798
2796
2797
2799
2799
2801
2807
2813
2823
2796
2700
2693
2692
2762
2798
2796
2796
2800
2797
2795
2797
2799
2799
2798
2797
2798
2797
2798
2797
2798
2798
2798
2798
2797
2797
2802
2798
2803
2799
2815
2799
2703
2799
2693
2800
2798
2799
2798
2800
2799
2797
2796
2798
2796
2799
2798
2798
2798
2798
2799
2797
2799
2796
2798
2799
2799
2799
2800
2799
2803
2798
2822
2801
2705
2800
2691
2798
2798
2798
2797
2799
2798
2796
2798
2799
2798
2801
2797
2800
2795
2797
2797
2799
2797
2800
2803
2797
2799
2801
2802
2799
2807
2799
2824
2797
2704
2800
2691
2799
2797
2798
2799
2798
2798
2798
2798
2799
2798
2801
2798
2798
2798
2799
2799
2801
2797
2799
2800
2801
2798
2799
2801
2799
2805
2801
2824
2800
2702
2799
2694
2802
2800
2800
2800
2798
2798
2798
2799
2798
2799
2800
2797
2799
2799
2801
2797
2799
2797
2799
2799
2799
2800
2800
2801
2800
2806
2798
2823
2790
2701
2786
2696
2787
2799
2785
2798
2786
2797
2787
2797
2786
2797
2788
2797
2787
2799
2787
2799





30 CMS



2379
2373
2376
2376
2398
2380
2394
2369
2429
2368
2416
2368
2368
2362
2360
2368
2365
2369
2363
2371
2363
2372
2373
2377
2376
2378
2377
2380
2376
2369
2363
2368
2364
2366
2363
2367
2368
2368
2367
2363
2379
2367
2397
2372
2423
2365
2404
2365
2367
2369
2364
2365
2362
2368
2361
2367
2360
2368
2366
2357
2366
2365
2363
2363
2362
2368
2362
2370
2367
2369
2362
2362
2366
2365
2379
2366
2395
2365
2424
2370
2410
2368
2368
2369
2364
2369
2363
2366
2364
2368
2372
2371
2365
2370
2363
2369
2362
2370
2359
2368
2363
2365
2362
2363
2365
2365
2362
2369
2366
2366
2382
2368
2429
2365
2415
2368
2368
2371
2368
2371
2370
2363
2367
2363
2365
2364
2361
2370
2364
2369
2363
2368
2365
2368
2364
2369
2367
2370
2364
2370
2365
2368
2370
2371
2378
2366
2399
2365
2415
2365
2399
2367
2365
2362
2368
2363
2363
2364
2364
2366
2364
2366
2364
2364
2372
2364
2363
2362
2370
2364
2365
2364
2368
2369
2364
2362
2367
2362
2371
2366
2394
2362
2425
2367
2410
2364
2364
2368
2365
2363
2366
2366
2365
2370
2364
2365
2364
2372
2368
2366
2364
2366
2366
2368
2364
2363
2365
2363
2363
2365
2357
2369
2367
2364
2384
2366
2427
2368
2418
2369
2423
2363
2363
2363
2369
2363
2365
2359
2367
2368
2364
2366
2367
2362
2361
2362
2368
2365
2366
2361
2364
2365
2364
2361
2365
2366
2370
2364
2381
2363
2430
2363
2417
2365


40 CMS

1883
1878
1878
1876
1877
1877
1878
1877
1882
1878
1872
1883
1874
1874
1873
1874
1876
1883
1879
1873
1877
1874
1875
1877
1880
1879
1876
1882
1874
1889
1876
1907
1878
1933
1877
1912
1875
1918
1917
1881
1878
1873
1873
1874
1876
1879
1874
1877
1871
1875
1873
1878
1870
1876
1874
1873
1872
1881
1876
1878
1872
1877
1878
1875
1875
1883
1877
1895
1873
1934
1872
1925
1873
1877
1876
1877
1876
1875
1874
1876
1876
1877
1874
1875
1877
1874
1876
1877
1873
1880
1876
1877
1871
1876
1877
1869
1877
1870
1877
1877
1875
1875
1881
1886
1890
1956
1988
1933
1924
1963
1949
1874
1877
1878
1877
1877
1876
1876
1873
1877
1876
1913
1917
1875
1877
1915
1913
1873
1876
1875
1873
1909
1915
1878
1871
1915
1915
1919
1919
1918
1928
1941
1948
1987
1990
1925
1918
1876
1882
1876
1876
1875
1872
1873
1875
1876
1869
1878
1879
1873
1871
1876
1873
1917
1917
1878
1872
1917
1917
1914
1918
1918
1915
1916
1916
1919
1924
1932
1937
1955
1994
1922
1922
1922
1905
1916
1924
1914
1918
1875
1874
1873
1876
1876
1871
1913
1914
1876
1873
1917
1919
1918
1914
1915
1917
1879
1877
1911
1922
1922
1918
1918
1919
1921
1930
1934
1948
1990
1992
1977
1971
1953
1924
1922
1914
1914
1916
1918
1919
1914
1918
1895
1916
1922
1917
1915
1915
1917
1919
1913
1919
1917
1921
1919
1917
1915
1921
1922
1918
1917
1919
1928
1936
1948
1991
1987
1983
1967
1955
1916
1917
1913
1917
1918
1916
1919
1913
1913
1918
1919
1918
1922
1922
1915
1917
1920
1916
1916
1916
1922
1920
1917
1914
1910
1916
1919
1918
1915
1926
1929
1944
1989
1981
1987
1976
1960
1918
1918
1919
1919
1913
1912
1919
1919
1914
1916
1922
1916
1915
1918
1922
1916

50 CMS


1472
1471
1475
1474
1474
1470
1473
1480
1480
1489
1526
1521
1516
1510
1503
1470
1471
1470
1476
1474
1476
1473
1474
1476
1519
1519
1475
1472
1516
1516
1475
1471
1476
1470
1473
1468
1476
1471
1471
1473
1475
1476
1481
1483
1492
1493
1517
1520
1512
1508
1477
1474
1470
1471
1472
1477
1475
1474
1473
1473
1472
1470
1477
1474
1476
1471
1478
1471
1470
1470
1471
1472
1471
1470
1475
1473
1473
1478
1482
1483
1524
1519
1522
1512
1508
1470
1470
1474
1470
1477
1474
1471
1476
1474
1473
1476
1471
1473
1476
1475
1470
1476
1477
1468
1471
1469
1476
1473
1469
1473
1474
1478
1478
1478
1492
1495
1519
1519
1511
1506
1475
1472
1468
1473
1474
1471
1475
1523
1473
1475
1477
1473
1474
1481
1473
1476
1469
1471
1472
1471
1471
1473
1470
1465
1474
1473
1469
1472
1480
1480
1495
1522
1518
1517
1510
1506
1475
1475
1474
1472
1473
1472
1475
1465
1474
1472
1477
1470
1472
1472
1474
1471
1470
1473
1474
1470
1471
1474
1474
1467
1475
1475
1477
1475
1482
1485
1494
1519
1519
1516
1512
1514
1474
1471
1475
1471
1475
1471
1475
1475
1471
1470
1473
1474
1473
1474
1471
1476
1478
1471
1473
1472
1473
1471
1474
1469
1474
1471
1473
1474
1480
1489
1496
1524
1519
1514
1510
1471
1468
1470
1473
1477
1478
1469
1476
1473
1475
1469
1469
1470
1472
1473
1466
1476
1473
1466
1469
1471
1472
1471
1470
1472
1473
1474
1481
1478
1536
1541
1580
1578
1518
1508
1472
1467
1472
1471
1473
1472
1475
1469
1474
1471
1474
1468
1472
1475
1472
1475
1473
1473
1473
1471
1474
1471
1474
1469
1478
1471
1478
1476
1476
1478
1469
1493
1474
1522
1471
1509
1473
1471
1476
1469
1472
1478
1474
1469
1473
1476
1472
1476
1475
1470
1469
1473
1473
1473
1471
1473
1475
1470
1469
1474
1475
1471
1474
1471
1473
1478
1474
1494
1476
1516
1474
1508
1477
1469
1475



60 CMS

1272
1266
1266
1265
1263
1273
1265
1265
1268
1263
1263
1266
1265
1266
1270
1274
1280
1282
1309
1305
1305
1297
1265
1267
1267
1273
1269
1264
1268
1264
1266
1266
1266
1266
1268
1267
1271
1269
1269
1267
1266
1272
1265
1268
1266
1267
1270
1272
1276
1278
1317
1309
1310
1295
1317
1264
1270
1267
1265
1268
1270
1268
1267
1266
1266
1269
1268
1268
1269
1266
1266
1262
1268
1268
1264
1265
1268
1270
1266
1268
1269
1278
1282
1309
1303
1300
1300
1269
1269
1268
1269
1267
1263
1267
1266
1264
1268
1273
1268
1269
1266
1266
1266
1263
1265
1267
1264
1266
1267
1275
1268
1262
1270
1277
1276
1310
1308
1300
1300
1332
1263
1263
1265
1279
1271
1264
1269
1271
1265
1267
1267
1270
1267
1268
1265
1264
1260
1263
1268
1263
1261
1268
1264
1265
1269
1273
1272
1280
1309
1307
1302
1302
1263
1270
1267
1270
1266
1267
1269
1267
1265
1268
1268
1265
1262
1265
1268
1265
1264
1269
1267
1271
1267
1268
1267
1266
1263
1266
1267
1276
1280
1308
1304
1305
1300
1303
1266
1270
1264
1268
1266
1265
1272
1267
1268
1265
1269
1262
1266
1268
1266
1265
1267
1269
1262
1269
1262
1266
1266
1268
1268
1270
1266
1283
1278
1303
1303
1296
1300
1263
1265
1270
1271
1271
1264
1266
1267
1263
1259
1274
1261
1269
1268
1263
1266
1269
1268
1264
1264
1266
1265
1269
1269
1271
1273
1276
1286
1308
1306
1300
1300
1319
1267
1267
1266
1267
1264
1269
1266
1267
1263
1269
1266
1267
1265
1271
1266
1273
1262
1265
1270
1266
1265
1265
1266
1266
1267
1269
1271
1284
1308
1307
1305
1299
1270
1265
1265
1273
1271
1262
1274
1265
1262
1234
1234
1267
1264
1269
1270
1267
1267
1265
1267
1262
1267
1270
1267
1266
1268
1266
1271
1277
1285
1315
1307
1302
1296
1267
1267
1269
1270
1262
1268
1270
1263
1267
1266
1267
1265
1267
1265
1267
1268
1271
1266
1269
1263
1269
1269
1268
1265
1275
1275
1274
1270
1284
1308
1306
1306
1294
1264
1265
1271
1282
1279
1269
1267
1279
1281
1269
1268
1268
1270
1266
1265
1263
1268
1271
1271
1269
1265



70 CMS

1088
1091
1089
1091
1091
1088
1097
1100
1133
1128
1125
1122
1091
1091
1092
1088
1088
1091
1085
1088
1089
1085
1085
1092
1089
1089
1086
1090
1089
1084
1084
1088
1083
1085
1086
1088
1088
1085
1086
1091
1092
1097
1100
1128
1128
1130
1124
1145
1108
1103
1104
1087
1090
1093
1088
1090
1086
1086
1091
1091
1090
1089
1089
1086
1093
1088
1088
1088
1092
1090
1085
1088
1088
1093
1089
1088
1092
1093
1098
1130
1126
1125
1119
1117
1085
1088
1086
1088
1089
1090
1091
1086
1083
1089
1087
1086
1083
1088
1088
1082
1088
1085
1085
1088
1088
1083
1086
1085
1084
1089
1092
1109
1109
1113
1126
1165
1165
1152
1152
1092
1085
1089
1086
1089
1090
1088
1088
1088
1093
1089
1089
1086
1090
1085
1084
1090
1088
1087
1098
1084
1083
1089
1089
1086
1086
1090
1086
1088
1094
1096
1100
1130
1129
1122
1117
1085
1090
1088
1089
1084
1090
1092
1094
1086
1087
1087
1086
1089
1088
1085
1091
1088
1085
1085
1085
1091
1088
1085
1084
1088
1088
1093
1088
1088
1094
1096
1102
1128
1128
1125
1119
1084
1088
1084
1088
1090
1086
1088
1088
1089
1088
1088
1084
1089
1091
1081
1090
1084
1093
1088
1089
1089
1088
1087
1083
1088
1088
1089
1092
1094
1097
1100
1129
1126
1126
1116
1133
1087
1092
1088
1089
1090
1084
1092
1089
1089
1087
1085
1090
1088
1084
1088
1091
1090
1088
1091
1088
1086
1089
1090
1089
1089
1086
1090
1095
1089
1097
1101
1126
1121
1122
1122
1118
1084
1088
1094
1089
1090
1086
1086
1090
1089
1087
1091
1090
1081
1085
1091
1089
1088
1089
1090
1087
1091
1085
1088
1085
1088
1088
1088
1089
1093
1101
1100
1126
1127
1123
1120
1206
1090
1088
1087
1090
1087
1088
1093
1088
1088
1088
1090
1090
1089
1091
1088
1084
1086
1084
1088
1086
1088
1088
1089
1090
1086
1090
1088
1091
1094
1097
1104
1129
1125
1124
1121
1121
1089
1089
1085
1086
1084
1085
1088
1085
1093
1086
1092
1093
1090
1085
1086
1088
1088
1090
1086
1089
1082
1089
1088
1088
1093
1091
1088
1092
1088
1098
1088
1131
1092
1127
1090
1085
1092
1088
1088
1086
1091
1089
1089
1088
1091
1088
1085
1085
1086
1086
1090
1087
1088
1089
1092
1083
1089
1086
1090
1085
1086
1089
1088
1091
1090
1097
1091
1124
1090
1123
1093
1086
1093
1086
1090
1091
1093
1085
1092
1087
1090
1090
1088
1088
1091
1095
1090
1083
1092
1084
1083
1089
1089
1088
1106
1105
1089
1084
1088
1091
1084
1096
1091
1125
1091
1123
1089
1133
1086
1089
1088
1090
1085
1089
1090
1088
1089
1086
1091
1088
1094
1089
1094
1084
1092
1088
1093
1087
1090
1090
1091
1088
1088
1090
1089
1089
1089
1095
1086
1091
1089
1125
1085
1119
1089
1090
1085
1090
1090
1090
1088
1088
1091
1091
1090
1091
1091
1087
1086
1090
1085
1085
1088
1085
1089
1086
1086
1091
1087
1085
1089


80 CMS

946
949
944
948
949
923
920
925
922
925
926
923
921
922
924
923
923
924
922
926
925
919
923
921
922
917
928
923
918
920
922
923
946
948
919
923
925
929
927
932
929
910
950
948
944
941
925
926
926
925
922
921
923
925
923
922
922
922
922
920
923
923
925
923
922
924
923
922
918
924
924
922
924
925
921
929
923
926
925
923
928
931
925
946
949
946
945
948
921
924
921
929
924
922
918
923
925
923
925
923
922
922
925
926
925
920
927
923
922
924
925
924
921
919
923
917
919
925
925
925
925
929
930
950
950
949
947
947
921
921
920
922
922
922
898
895
899
898
920
921
923
925
919
924
921
922
922
920
919
919
923
923
925
923
924
927
921
924
924
925
921
925
927
933
951
944
946
942
945
953
924
927
924
923
924
923
925
921
928
919
922
920
928
923
922
926
925
923
921
922
922
920
921
927
920
920
924
921
919
922
925
925
926
930
930
949
951
946
915
917
897
900
894
894
897
898
924
921
923
927
922
922
922
922
894
895
898
893
895
893
899
897
895
894
926
920
922
923
923
926
922
922
926
931
902
917
917
916
918
915
899
893
901
891
924
923
895
896
894
896
897
895
895
897
897
897
893
890
898
894
899
893
894
897
893
895
890
894
887
893
897
892
901
894
899
906
901
919
915
909
913
912
964
895
895
894
895
893
895
895
898
898
894
898
896
895
899
898
895
893
897
898
897
899
897
894
896
890
895
897
897
893
892
894
893
895
898
898
902
902
921
922
915
914
919
1160
895
899
898
894
896
892
894
895
895
895
898
892
894
895
894
896
897
897
896
892
893
897
900
893
892
897
897
895
895
895
897
898
926
923
928
935
921
919
946
947
947
919
922
925
895
896
897
896

90 CMS

799
799
799
799
798
800
792
800
796
800
801
792
798
793
806
794
813
796
797
800
800
795
799
794
800
799
800
797
798
799
795
796
799
795
794
798
794
795
795
797
793
798
797
797
791
798
799
795
804
797
813
798
811
792
822
797
796
796
798
798
797
797
795
800
795
795
797
791
791
797
800
794
798
795
797
795
800
794
795
795
799
794
795
797
797
795
803
800
801
796
813
794
810
794
797
797
800
794
797
798
794
797
801
796
798
793
798
796
798
803
800
797
796
799
795
796
796
798
795
796
795
796
797
800
797
795
802
795
811
792
813
797
796
794
798
794
796
796
800
798
801
792
798
795
793
796
797
798
799
798
796
792
795
797
798
794
801
797
798
793
797
796
801
804
788
812
810
809
819
798
796
797
797
800
798
794
798
794
797
799
797
797
796
796
798
797
798
797
798
794
800
797
796
797
800
797
796
800
801
797
781
792
814
811
809
812
812
826
793
792
796
796
801
793
792
802
799
798
793
795
797
796
798
796
796
798
797
799
800
797
796
795
799
798
793
799
794
794
796
797
797
800
804
786
813
806
811
816
835
797
796
796
795
798
798
795
784
778
797
796
800
796
794
793
779
780
799
794
794
797
795
795
794
796
797
797
797
797
796
797
801
802
803
796
811
812
809
809
834
797
798
798
800
800
793
798
800
794
796
798
800
795
800
797
797
794
799
800
797
795
800
796
796
797
796
800
800
801
801
802
802
807
794
813
816
813
812
823
801
797
796
795
796

100 CMS

763
733
735
733
733
736
732
735
733
733
735
735
736
736
734
733
736
711
711
709
712
733
735
713
716
719
711
710
708
710
710
711
714
709
718
716
757
713
748
708
708
712
712
710
707
720
710
713
711
712
710
712
713
710
709
715
709
712
711
709
715
713
715
711
714
712
708
731
732
713
719
712
716
715
757
719
757
715
748
714
710
714
708
712
708
710
714
712
711
709
713
713
709
707
707
713
709
711
710
710
705
714
707
711
708
715
706
712
710
714
715
711
715
711
757
713
756
711
739
715
713
709
714
713
707
710
707
713
704
709
709
713
709
714
711
712
708
712
711
712
711
711
705
709
709
710
707
710
709
712
709
710
717
715
757
710
749
709
740
710
712
712
715
711
712
712
711
714
709
713
711
709
708
712
737
735
709
710
707
706
713
708
702
708
709
712
733
733
709
714
711
708
720
707
754
711
754
710
743
711
709
717
707
705
709
708
707
710
718
711
712
712
710
710
711
704
710
711
712
702
707
713
709
715
711
714
710
708
716
712
710
713
720
757
755
755
751
743
708
713
711
713
713
711
710
712
711
710
705
713
709
711
709
710
716
709
707
709
707
706
708
709
708
710
708
706
709
711
716
712
718
726
758
758
752
752
1001
710
714
711
708
713
708
710
712
708
710
710
709
713
712
708
710
710
711
710
710
708
711
706
707
708
708
707
709
708
709
713
712
720
720
759
754
750
746
743
709
718
710
708
712
715
710
710
708
707
713
707
712
712
710
713
715
707
712
709
706
713
711
710
712
709
710
712
734
736
709
715
744
739
753
752
752
749
739
711
710
708
714
714
714
710
712
713
708
711
711
716

110 CMS

711
712
712
712
709
710
722
711
758
711
755
712
745
713
713
712
711
716
709
717
710
714
712
711
708
710
713
716
710
713
716
715
712
710
709
713
713
712
714
714
716
711
710
714
714
712
722
712
760
712
747
715
710
711
712
713
708
709
710
711
710
714
711
729
733
710
711
714
709
714
712
710
716
713
708
734
730
715
707
715
704
712
713
709
717
709
721
714
761
702
754
735
733
712
712
710
710
713
731
734
715
711
711
712
737
733
709
709
731
732
713
711
712
710
706
710
710
714
710
714
709
711
709
710
719
710
761
713
754
707
745
713
710
708
712
710
711
709
712
711
706
711
734
734
711
708
708
713
709
711
705
712
712
709
708
712
710
713
711
709
710
708
712
711
718
725
757
754
756
747
766
707
711
712
712
716
712
704
731
730
707
711
708
709
713
712
706
713
708
705
710
712
713
711
712
712
708
713
712
711
708
709
717
715
718
714
755
762
757
750
745
710
709
716
708
710
710
713
712
712
712
708
709
710
711
712
711
713
714
710
708
706
708
712
712
711
708
709
710
709
713
708
736
738
716
721
759
762
754
754
742
708
709
712
710
713
714
712
736
732
711
712
711
712
710
713
708
710
732
729
711
710
710
709
709
707
711
712
712
706
733
735
714
719
720
723
759
754
750
747
714
711
709
711
735
734
708
710
712
712
712
712
710
712
709
709
707
713
712
711
710
710
711
711
707
706
712
710
708
709
711
712
713
718
723
758
756
754
751
745
714
710
708
709
714
714
712
708
712
708
708
714
711
709
710
706
711
706
713
711
712
713
711
705
711
706
708
708
706
712
710
712
736
735
724
761
757
756
753
744
708
709
709
708
709
709
709
711
708
712
711
712
710
709
710
710
707
708
712
712
709
707
712
705
711
711
709
711
710
710
710
710
716
718
722
755
757
756
750
744
710
713
705
710
710
710
709
709
709
710
708
708
714
704
712
710
705
708
712
705
716
709
733
728
708
709
708
710
709
714
712
715
711
723
730
753
759
759
750
742
711
713
708
715
737
733
712
711
713
712
716
710
712
708
709
707
712
706
710
712
710
709
708
707
710
708
707
713
707
711
709
711
733
743
759
757
752
755
747
710
713
710
711
710
707
713
708
714
714
709
712
709
714
710
712
710
710
711
709
708
709
709
733
732
709
712
710
710
708
711
716
714
714
719
756
754
755
753
745
758
714
711
711
708
708
708
713
707
705
710
708
712
712
712
712
709
711
710
706
712
710
710
711
712
710
707
713
709
710
713
711
710
712
716
720
754
752
751
751
750
712
709
713
708
733
734
714
707
712
708
734
737
713
712
711
713
709
709
707
713
708
712
714
710
707
711
709
709
708
711
711
710
712
722
721
724
759
756
755
749
745
715
707
716
711
713
709
715
710
712
711
708
712
710
711
709
710
710
734
736
708
705
711
712
712
712
709
708
709
707
737
734
710
717
714
723
714
756
713
752
709
706
707
706
712
709
711
709
710
711
712
713
713
710
711
711
733
733
712
708
715
709
713
708
712
706
713
708
714
707


120 CMS

800
800
644
640
612
615
642
640
640
640
638
638
641
640
670
669
712
707
710
712
710
713
735
728
672
669
641
640
640
642
643
648
646
638
668
667
664
667
666
673
671
671
669
667
671
669
670
669
668
667
669
672
669
670
672
670
668
666
674
667
642
641
670
672
673
668
669
669
670
668
671
672
665
669
669
672
675
670
673
669
671
672
674
705
706
703
701
700
698
700
670
669
670
668
669
669
671
667
670
671
673
671
671
668
672
670
669
669
673
669
670
669
670
674
670
670
670
670
671
671
639
639
640
640
640
640
640
638
646
644
642
647
641
667
669
670
665
664
668
675
638
640
640
642
642
642
643
637
641
640
641
640
641
642
640
640
640
644
640
641
640
640
641
642
640
640
641
638
639
642
642
641
637
640
640
643
641
640
641
640
644
644
646
646
670
668
669
664
637
641
615
614
614
613
614
612
616
615
642
641
642
639
641
642
642
643
640
641
640
641
612
612
614
613
641
638
640
638
643
640
642
638

130 CMS

507
504
507
505
506
506
506
512
509
507
505
506
507
506
508
507
508
505
506
506
506
507
504
509
505
508
502
504
505
508
509
482
482
480
474
498
497
495
496
497
494
498
505
481
483
512
509
505
504
509
508
509
509
506
505
507
505
504
504
509
505
507
508
505
506
507
507
506
508
503
507
505
508
506
507
508
506
506
506
507
506
506
507
505
506
508
504
504
505
506
507
505
505
506
506
505
506
507
507
507
507
482
477
529
525
494
496
497
497
497
495
503
507
480
480
479
482
478
480
479
482
482
479
479
479
481
481
480
477
478
479
478
481
479
481
481
482
479
478
459
458
460
461
481
478
479
479
457
459
460
459
481
477
459
457
462
460
480
482
457
459
457
457
460
456
460
460
454
460
462
460
462
461
461
464
463
465
464
465
458
457
486
486
486
486
485
486
486
488
490
499
481
480
480
483
479
480
479
481
483
478
481
480
479
481
480
479
505
507
479
479
481
480
483
479
479
481
479
481
478
482
482
482
479
480
480
481
478
478
480
479
481
480
480
479
481
477
507
504
483
481
480
479
480
480
482
482
484
482
477
462
495
497
497
495
497
498
512
478
479
480
482
481
481
482
461
461
460
461
459
458
464
461
462
461
477
479
477
478
482
479
480
481
479
482
481
479
479
480
481
481
481
481
479
480
481
477
480
479
480
482
509
507
507
506
507
507
512
506
504
495
530
524
495
499
528
529
512
759
483
484
462
461
461
458
480
480
479
477
481
479
481
477
482
480
479
479
478
482
480
482
479
481
479
478
482
479
478
480
479
479
480
479
480
479
478
478
481
482
480
478
479
480
479
479
479
482
477
479
480
480
482
481
481
484
479
475
497
500
495
498
495
497
490
495
460
460
481
480
461
461
479
480
482
480
461
461
482
480
477
480
465
458
460
461
481
479
481
481
478
475
480
479
480
478
479
480
480
481
479
479
479
481
484
479
479
480
477
479
478
481
480
482
479
478
481
482
479
482
485
482
484
478
499
500
500
498
494
496
503
508
481
481
483
480
482
481
484
478
479
480
480
477
479
481
479
483
481
482
481
478
481
483
482
479
478
480
482
481
481
482
480
479
480
480
480
479
479
481
479
480
478
482
480
481
480
478
481
480
479
478
480
480
481
479
481
484
484
478
484
479
462
499
496
498
494
498
500
504

140 CMS


463
460
461
462
461
464
461
483
465
486
461
492
465
461
462
464
461
462
462
462
464
462
462
459
464
462
460
461
461
460
462
460
464
459
463
462
461
460
464
462
461
457
463
462
460
458
465
460
462
464
463
461
465
485
463
485
462
495
463
460
464
464
459
462
462
459
460
461
462
461
462
462
463
462
459
461
463
460
462
458
464
461
463
460
464
459
463
461
460
461
462
464
461
461
461
469
459
487
462
485
460
485
460
463
464
459
460
462
463
461
480
483
478
481
480
481
458
461
462
462
460
460
460
462
458
459
459
460
461
461
459
460
483
479
484
480
465
459
459
462
481
484
480
462
479
495
481
495
480
480
476
479
481
485
482
481
478
484
481
483
479
481
481
481
478
480
480
484
481
480
479
478
482
483
460
460
480
480
482
481
462
461
481
481
459
462
480
481
480
482
462
486
478
498
478
506
481
480
479
482
480
479
458
460
480
479
458
463
465
464
461
459
464
464
462
482
483
461
462
482
483
478
481
482
482
479
482
478
479
483
479
482
482
482
480
482
480
496
480
496
480
498
481
481
483
482
478
460
460
461
460
483
480
462
461
481
481
481
480
480
477
482
481
483
480
481
479
479
479
480
481
482
480
481
483
480
480
479
480
485
482
484
480
467
497
497
494
496
501
565
479
484
481











